10
CF         0.0000000 1.1033929 1.2235996 1.1624067 0.9244765 0.8635465 0.9466903 0.9231372 0.8798170 0.9413486 
CA         1.1033929 0.0000000 0.1016833 0.0975279 0.6796212 0.6878815 0.7391933 0.7149421 0.7131315 0.6908354 
CP         1.2235996 0.1016833 0.0000000 0.0089866 0.7292298 0.7608006 0.7964418 0.7591714 0.7332525 0.7268429 
CT         1.1624067 0.0975279 0.0089866 0.0000000 0.7162997 0.7478683 0.7758612 0.7411159 0.7157603 0.7159765 
RA         0.9244765 0.6796212 0.7292298 0.7162997 0.0000000 0.0923092 0.1148907 0.6107154 0.6226478 0.6331263 
RB         0.8635465 0.6878815 0.7608006 0.7478683 0.0923092 0.0000000 0.0828305 0.6071017 0.5905781 0.6038152 
RK         0.9466903 0.7391933 0.7964418 0.7758612 0.1148907 0.0828305 0.0000000 0.6399223 0.6295485 0.6401954 
SB         0.9231372 0.7149421 0.7591714 0.7411159 0.6107154 0.6071017 0.6399223 0.0000000 0.0641156 0.0429372 
SC         0.8798170 0.7131315 0.7332525 0.7157603 0.6226478 0.5905781 0.6295485 0.0641156 0.0000000 0.0546407 
SS         0.9413486 0.6908354 0.7268429 0.7159765 0.6331263 0.6038152 0.6401954 0.0429372 0.0546407 0.0000000 
