9
RA         0.0000000 0.0423236 0.0440121 0.5971439 0.5001337 0.5065222 0.4410882 0.4357679 0.4352186 
RB         0.0423236 0.0000000 0.0349698 0.6421917 0.4990852 0.5070849 0.4560957 0.4559103 0.4538908 
RK         0.0440121 0.0349698 0.0000000 0.6329525 0.5034222 0.5129610 0.4559667 0.4557806 0.4537558 
CF         0.5971439 0.6421917 0.6329525 0.0000000 0.6421350 0.6420955 0.5858118 0.5811826 0.5893123 
CA         0.5001337 0.4990852 0.5034222 0.6421350 0.0000000 0.0354814 0.4496898 0.4458358 0.4537957 
CP         0.5065222 0.5070849 0.5129610 0.6420955 0.0354814 0.0000000 0.4632631 0.4563558 0.4674356 
SB         0.4410882 0.4560957 0.4559667 0.5858118 0.4496898 0.4632631 0.0000000 0.0171875 0.0084331 
SC         0.4357679 0.4559103 0.4557806 0.5811826 0.4458358 0.4563558 0.0171875 0.0000000 0.0164778 
SS         0.4352186 0.4538908 0.4537558 0.5893123 0.4537957 0.4674356 0.0084331 0.0164778 0.0000000 
